7229 
3690 
659 
6112 
744 
9720 
4566 
878 
237 
8486 
2747 
6977 
8660 
3118 
6614 
9786 
3084 
5894 
6390 
7739 
9876 
5400 
9410 
7507 
3542 
5143 
5628 
7860 
5355 
6528 
3886 
3289 
4953 
9567 
8880 
7206 
2746 
8779 
5569 
9741 
4140 
4443 
2738 
1729 
6703 
4957 
5372 
48 
8685 
8196 
4118 
9079 
1189 
310 
6055 
8797 
9381 
8755 
7531 
4914 
2566 
7004 
4707 
8279 
2662 
6774 
1485 
1237 
8144 
9123 
8903 
8889 
2713 
354 
3263 
7735 
7870 
1047 
6112 
8586 
5011 
2091 
9091 
944 
4077 
9197 
8385 
2571 
6291 
7362 
722 
7514 
5598 
121 
9222 
9644 
4893 
4018 
9285 
2841 
