276.24 381.82
-80.25 448.59
-304.59 -459.22
470.35 -167.34
-243.6 -175.09
229.37 -234.11
90.88 -90.8
-265.87 294.16
-75.86 -149.17
86.19 265.17
446.31 -162.95
104.25 -429.3
-60.73 -375.16
101.4 357.16
-324.64 -4.98
-439.41 20.18
-442.55 -373.38
-291.1 279.87
-469.24 44.48
230.19 -20.57
-326.46 308.6
-79.68 -332.03
-395.01 380.93
14.97 -297.95
423.44 -354.93
-272.62 427.3
-440.41 -277.81
253.69 442.08
163.56 -95.63
-76.08 398.01
111.04 -271.1
-206.99 -80.05
-372.21 248.41
99.23 380.37
-139.99 -362.33
-67.29 -93.99
5.34 -340.53
-18.14 -251.84
-399.87 -35.95
-239.73 349.94
194.04 -139.89
347.48 -57.52
-223.76 369.54
-225.77 289.49
469.86 495.58
-321.19 -399.88
-3.46 -6.52
-262.06 425.16
-340.11 412.19
316.31 108.26
259.5 270.87
-125.21 -117.69
94.43 -442.18
265.57 -334.52
138.37 -97.22
63.82 -279.86
-68.5 -273.89
280.53 50.55
-173.73 -304.75
21.88 314.51
-111.92 -443.17
300.88 -82.99
429.39 -367.03
345.93 261.58
-460.27 420.22
-498.37 -341.51
278.77 -461.92
-468.28 308.92
199.21 -75.41
267.71 485.34
439.25 50.1
-442.0 -1.11
282.36 73.86
200.26 -3.5
300.24 114.0
396.03 -216.51
-469.18 -273.32
-236.18 -348.33
469.5 -182.13
419.03 476.08
-17.05 285.87
-429.74 -362.19
-110.65 -400.2
-361.73 267.06
489.21 491.55
-263.12 -12.69
156.84 450.78
-168.33 -345.87
-66.36 -179.88
-289.7 150.14
380.95 -181.95
-128.28 -313.86
293.9 -275.69
421.75 -223.36
-235.58 -208.49
487.07 -165.87
148.09 208.75
-104.09 -257.17
-189.27 237.69
398.62 -318.25
