-140.69 207.32 268.89 -279.39
-27.49 -208.75 392.56 477.17
-436.86 401.88 78.56 -235.23
454.65 430.78 212.67 -65.7
-435.34 273.83 65.11 -444.98
-462.89 438.35 248.17 -454.22
187.87 230.13 105.01 460.68
292.41 91.11 459.66 157.86
-479.75 69.15 248.94 -60.21
-170.15 -71.05 79.49 272.52
-289.65 238.81 -390.81 495.35
350.26 183.56 121.22 159.42
108.1 494.8 -30.04 26.68
365.44 421.15 -355.02 402.97
-458.39 79.13 221.58 473.86
-411.48 256.32 -487.12 471.05
-457.29 484.31 100.31 -391.61
-198.64 381.51 421.66 492.25
-323.05 -69.67 -183.76 -34.09
159.71 241.72 -1.55 -6.81
-145.9 -124.79 -45.06 244.78
219.04 -255.82 -409.94 -280.48
486.48 -479.04 -120.82 220.31
-133.42 -469.81 -129.42 -165.92
35.01 334.32 -77.91 -244.62
-340.83 327.68 -473.64 90.6
-447.81 -343.38 -289.42 139.74
-164.99 -158.94 -288.39 -329.98
-311.05 4.12 -476.95 -326.76
-485.0 419.04 450.31 201.4
-76.87 350.51 -477.52 330.92
376.54 303.17 199.9 333.51
344.3 85.24 108.58 -85.33
-382.93 -363.83 404.75 49.12
-10.78 461.11 352.74 -436.04
-474.5 -442.54 490.91 85.45
208.15 -311.9 -68.74 14.71
149.77 -441.72 39.13 440.2
60.01 -479.42 134.29 -231.53
-127.11 -140.73 -102.31 436.17
-237.34 277.06 71.33 -349.41
-210.68 -31.06 280.82 -145.86
-211.43 -68.94 -389.95 -223.8
-30.03 -438.66 163.7 -193.04
-279.03 -57.34 -276.06 -175.72
328.7 -145.21 -117.9 -221.07
-276.15 287.59 370.14 -71.45
178.06 160.6 499.42 10.61
178.43 50.85 456.67 434.04
-177.13 118.04 454.63 -6.87
383.54 23.33 -336.49 -87.47
97.8 160.79 -152.08 412.09
0.63 -153.07 283.12 -486.63
218.4 -446.7 -457.28 -44.32
-499.85 446.08 459.36 205.03
397.62 418.9 -78.45 78.15
402.46 -386.63 265.78 -387.0
-227.61 192.66 201.68 -155.83
-348.45 -168.06 -331.56 -479.81
-418.78 -483.12 -480.5 46.7
213.57 -180.87 338.13 227.12
-478.26 405.78 153.05 -54.43
176.48 -377.5 -380.21 -303.1
131.77 267.91 -397.4 176.04
425.24 275.62 -340.62 -468.5
72.24 305.24 77.57 -396.32
89.02 -151.46 -199.52 69.62
-452.29 -58.36 -403.12 -30.96
393.57 -135.51 475.17 432.8
-407.92 -493.58 472.53 462.36
-116.67 497.0 363.15 -458.91
-372.21 -423.52 410.7 -146.94
315.01 -315.21 -27.9 377.84
-124.79 -120.45 273.72 -480.83
-20.1 -266.28 -79.68 -494.63
-438.34 402.44 -462.49 488.73
-90.83 168.59 319.84 426.19
-317.96 -440.08 -92.7 -325.25
-105.48 -358.38 21.3 111.92
178.09 -457.51 -145.8 384.27
-110.88 390.44 -231.98 -342.93
-199.54 -472.81 -430.19 -402.65
243.51 -10.14 -1.85 58.93
54.83 3.41 -268.02 -413.78
-343.34 235.2 -241.7 -454.72
403.35 -331.99 152.94 -176.61
-422.07 131.01 486.28 122.95
-360.92 40.98 -222.82 291.35
-106.01 341.96 182.15 1.4
-373.41 -27.46 133.55 -364.19
350.8 -63.32 -243.91 179.03
-130.14 397.5 257.94 58.62
-244.8 -493.0 422.08 234.77
424.26 21.97 28.73 449.08
-224.0 268.99 -356.97 -340.72
77.45 -64.14 367.34 -340.55
241.85 77.75 -351.04 208.78
142.25 350.87 -355.12 -14.69
442.97 -158.47 -211.08 329.46
139.91 113.12 71.14 -260.42
