-87.39 -69.73 379.21 444.76
4.66 6.47 -49.12 -135.19
-221.4 -287.67 37.08 -28.66
-259.14 -275.29 -232.57 -154.99
495.46 562.84 449.65 354.01
143.4 125.4 254.24 270.54
-290.64 -197.98 424.34 369.55
430.96 383.0 440.01 385.89
-370.06 -271.74 -44.84 -14.77
-286.85 -334.24 120.78 139.99
-296.25 -365.57 -263.32 -287.57
337.46 261.66 -181.03 -104.33
-189.6 -102.75 463.86 466.53
462.12 467.86 180.48 197.2
68.01 140.08 175.88 119.42
119.55 149.08 -342.28 -291.43
189.78 139.51 301.95 241.49
402.31 427.52 129.71 113.62
-454.1 -393.72 418.17 401.81
-125.83 -38.46 -63.46 14.81
-163.75 -151.95 98.26 112.19
-492.19 -395.36 -347.07 -381.96
113.0 96.27 396.31 317.05
19.65 95.9 -360.2 -368.7
-406.26 -446.25 -125.44 -144.76
371.01 390.34 428.54 407.37
404.63 495.06 144.33 177.86
60.59 135.95 402.02 320.03
16.77 -67.73 -151.78 -242.26
-363.89 -395.52 -172.68 -104.45
-45.15 -50.68 63.79 152.79
496.4 404.13 -282.66 -187.84
11.04 106.9 472.58 540.45
-94.77 -34.18 22.22 55.57
-442.82 -422.01 -152.98 -167.08
353.71 425.16 183.77 107.08
93.91 115.18 -354.49 -293.31
-74.17 -65.33 -163.87 -210.52
-25.66 -114.6 478.08 512.22
-266.65 -335.13 159.57 244.57
-412.07 -325.2 -449.42 -450.72
0.33 -55.52 276.91 373.58
-332.7 -248.3 -32.97 31.83
-219.25 -263.86 22.11 121.96
-57.03 -84.91 -193.05 -134.66
-408.3 -483.44 478.62 462.57
216.17 265.9 415.54 465.31
150.14 233.87 -82.12 -61.86
131.7 59.95 496.21 433.03
138.26 185.26 -227.0 -271.71
497.45 595.53 84.71 -0.29
-276.89 -300.9 179.31 164.64
446.36 358.44 -131.42 -188.4
-456.35 -443.69 -182.45 -89.58
63.05 46.28 242.18 254.05
-263.56 -240.93 -217.9 -230.55
185.65 183.86 -203.46 -161.19
366.18 301.81 -145.76 -77.8
-52.73 -135.09 219.84 132.9
51.77 2.14 -423.1 -432.77
442.53 342.67 472.13 407.91
-303.78 -369.61 -42.62 -51.05
-187.82 -251.78 -442.74 -508.33
-308.87 -280.48 -296.15 -383.69
-87.22 -83.16 459.7 395.96
224.1 281.06 370.32 351.18
432.28 353.09 -172.21 -254.64
-266.27 -169.96 -178.5 -190.65
287.0 218.75 -203.26 -199.54
464.01 538.74 421.7 484.4
-456.78 -381.06 -144.69 -237.72
-484.71 -522.9 200.14 286.44
-195.59 -100.32 98.62 122.76
-95.92 -36.36 -371.63 -458.39
164.68 231.27 -359.64 -421.55
177.63 100.07 137.81 101.21
333.91 335.73 245.13 151.65
-93.34 -149.14 54.07 7.97
59.8 49.61 102.85 41.19
111.06 84.97 494.45 441.07
-190.36 -183.23 174.83 103.68
454.85 451.56 392.24 364.03
-4.59 -29.83 461.57 466.28
141.53 224.7 125.26 133.76
-459.09 -504.5 -348.25 -292.35
-371.04 -443.09 396.38 304.65
368.13 289.93 175.86 126.26
11.94 55.42 -166.7 -204.47
-362.78 -439.02 -31.53 -18.43
-108.22 -15.1 -456.63 -489.9
-58.72 -109.54 376.83 346.48
-366.15 -386.67 478.96 497.88
456.86 515.55 116.31 58.89
-414.21 -327.23 446.32 480.58
412.23 431.53 -375.01 -415.79
-39.86 -102.35 291.22 251.3
-150.01 -193.8 -140.83 -57.96
-325.56 -397.26 314.4 217.53
-323.03 -224.83 23.37 69.6
438.08 354.7 208.84 125.17
